************************************************
* artmuse patient study
* date/time: 
* seed: 207677.7377
* subject #: 732
* subject name: S2
************************************************

trial	stimOnsetTime	exptCond	stimNum	cue	probe	valid	resp	corResp	Acc	RT	e_VArtH		e_VArtFA	e_VRoomH	e_VRoomFA	e_IVArtH	e_IVArtFA	e_IVRoomH	e_IVRoomFA	c_VArtH	c_VArtFA	c_VRoomH	c_VRoomFA	c_IVArtH	c_IVArtFA	c_IVRoomH	c_IVRoomFA
1	2.000		0		11	2	2	1	0	0	1	0.643	NaN		NaN		NaN		NaN		NaN		NaN		NaN		NaN		NaN		NaN		NaN		0.00		NaN		NaN		NaN		NaN		
2	9.700		0		48	2	2	1	1	1	1	0.823	NaN		NaN		NaN		NaN		NaN		NaN		NaN		NaN		NaN		NaN		1.00		0.00		NaN		NaN		NaN		NaN		
3	17.584		0		15	2	2	1	1	1	1	0.830	NaN		NaN		NaN		NaN		NaN		NaN		NaN		NaN		NaN		NaN		1.00		0.00		NaN		NaN		NaN		NaN		
4	25.467		1		46	2	2	1	0	0	1	0.523	NaN		NaN		NaN		0.00		NaN		NaN		NaN		NaN		NaN		NaN		1.00		0.00		NaN		NaN		NaN		NaN		
5	33.034		0		80	2	2	1	0	0	1	1.095	NaN		NaN		NaN		0.00		NaN		NaN		NaN		NaN		NaN		NaN		1.00		0.00		NaN		NaN		NaN		NaN		
6	41.183		0		22	2	2	1	0	0	1	0.606	NaN		NaN		NaN		0.00		NaN		NaN		NaN		NaN		NaN		NaN		1.00		0.00		NaN		NaN		NaN		NaN		
7	48.850		0		9	2	2	1	0	0	1	0.393	NaN		NaN		NaN		0.00		NaN		NaN		NaN		NaN		NaN		NaN		1.00		0.00		NaN		NaN		NaN		NaN		
8	56.301		1		36	2	2	1	0	1	0	0.749	NaN		NaN		0.00		0.00		NaN		NaN		NaN		NaN		NaN		NaN		1.00		0.00		NaN		NaN		NaN		NaN		
9	64.100		0		61	2	2	1	1	1	1	0.720	NaN		NaN		0.00		0.00		NaN		NaN		NaN		NaN		NaN		NaN		1.00		0.00		NaN		NaN		NaN		NaN		
10	71.867		1		63	2	1	0	1	0	0	1.614	NaN		NaN		0.00		0.00		NaN		1.00		NaN		NaN		NaN		NaN		1.00		0.00		NaN		NaN		NaN		NaN		
11	82.916		0		74	1	1	1	1	1	1	1.071	NaN		NaN		0.00		0.00		NaN		1.00		NaN		NaN		1.00		NaN		1.00		0.00		NaN		NaN		NaN		NaN		
12	91.033		0		24	1	1	1	0	0	1	0.439	NaN		NaN		0.00		0.00		NaN		1.00		NaN		NaN		1.00		0.00		1.00		0.00		NaN		NaN		NaN		NaN		
13	98.516		1		14	1	1	1	1	1	1	0.401	1.00		NaN		0.00		0.00		NaN		1.00		NaN		NaN		1.00		0.00		1.00		0.00		NaN		NaN		NaN		NaN		
14	105.966		0		65	1	1	1	0	0	1	0.335	1.00		NaN		0.00		0.00		NaN		1.00		NaN		NaN		1.00		0.00		1.00		0.00		NaN		NaN		NaN		NaN		
15	113.366		1		19	1	2	0	1	0	0	1.289	1.00		NaN		0.00		0.00		NaN		1.00		NaN		1.00		1.00		0.00		1.00		0.00		NaN		NaN		NaN		NaN		
16	121.699		1		56	1	1	1	0	0	1	0.911	1.00		0.00		0.00		0.00		NaN		1.00		NaN		1.00		1.00		0.00		1.00		0.00		NaN		NaN		NaN		NaN		
17	129.665		0		8	1	1	1	0	0	1	0.595	1.00		0.00		0.00		0.00		NaN		1.00		NaN		1.00		1.00		0.00		1.00		0.00		NaN		NaN		NaN		NaN		
18	137.333		0		67	1	2	0	0	0	1	1.508	1.00		0.00		0.00		0.00		NaN		1.00		NaN		1.00		1.00		0.00		1.00		0.00		NaN		NaN		NaN		0.00		
19	145.899		0		33	1	1	1	1	1	1	0.440	1.00		0.00		0.00		0.00		NaN		1.00		NaN		1.00		1.00		0.00		1.00		0.00		NaN		NaN		NaN		0.00		
20	153.383		1		55	1	1	1	1	1	1	0.332	1.00		0.00		0.00		0.00		NaN		1.00		NaN		1.00		1.00		0.00		1.00		0.00		NaN		NaN		NaN		0.00		
21	165.598		0		71	2	2	1	1	1	1	1.018	1.00		0.00		0.00		0.00		NaN		1.00		NaN		1.00		1.00		0.00		1.00		0.00		NaN		NaN		NaN		0.00		
22	173.682		0		50	2	1	0	0	0	1	1.118	1.00		0.00		0.00		0.00		NaN		1.00		NaN		1.00		1.00		0.00		1.00		0.00		NaN		0.00		NaN		0.00		
23	181.849		1		2	2	2	1	1	1	1	0.436	1.00		0.00		0.50		0.00		NaN		1.00		NaN		1.00		1.00		0.00		1.00		0.00		NaN		0.00		NaN		0.00		
24	189.332		1		5	2	2	1	1	1	1	0.750	1.00		0.00		0.67		0.00		NaN		1.00		NaN		1.00		1.00		0.00		1.00		0.00		NaN		0.00		NaN		0.00		
25	197.149		0		35	2	2	1	1	1	1	0.640	1.00		0.00		0.67		0.00		NaN		1.00		NaN		1.00		1.00		0.00		1.00		0.00		NaN		0.00		NaN		0.00		
26	204.831		1		52	2	2	1	0	0	1	0.548	1.00		0.00		0.67		0.00		NaN		1.00		NaN		1.00		1.00		0.00		1.00		0.00		NaN		0.00		NaN		0.00		
27	212.432		1		70	2	2	1	0	1	0	0.624	1.00		0.00		0.50		0.00		NaN		1.00		NaN		1.00		1.00		0.00		1.00		0.00		NaN		0.00		NaN		0.00		
28	220.097		1		6	2	2	1	1	1	1	0.474	1.00		0.00		0.60		0.00		NaN		1.00		NaN		1.00		1.00		0.00		1.00		0.00		NaN		0.00		NaN		0.00		
29	227.632		1		28	2	2	1	1	1	1	0.495	1.00		0.00		0.67		0.00		NaN		1.00		NaN		1.00		1.00		0.00		1.00		0.00		NaN		0.00		NaN		0.00		
30	235.181		0		10	2	2	1	0	0	1	0.374	1.00		0.00		0.67		0.00		NaN		1.00		NaN		1.00		1.00		0.00		1.00		0.00		NaN		0.00		NaN		0.00		
31	245.064		0		69	1	1	1	1	1	1	1.005	1.00		0.00		0.67		0.00		NaN		1.00		NaN		1.00		1.00		0.00		1.00		0.00		NaN		0.00		NaN		0.00		
32	253.114		1		29	1	1	1	1	0	0	1.295	1.00		0.50		0.67		0.00		NaN		1.00		NaN		1.00		1.00		0.00		1.00		0.00		NaN		0.00		NaN		0.00		
33	261.480		1		40	1	2	0	1	1	1	1.694	1.00		0.50		0.67		0.00		NaN		1.00		1.00		1.00		1.00		0.00		1.00		0.00		NaN		0.00		NaN		0.00		
34	270.230		0		37	1	1	1	1	1	1	0.435	1.00		0.50		0.67		0.00		NaN		1.00		1.00		1.00		1.00		0.00		1.00		0.00		NaN		0.00		NaN		0.00		
35	277.713		0		23	1	1	1	0	0	1	0.467	1.00		0.50		0.67		0.00		NaN		1.00		1.00		1.00		1.00		0.00		1.00		0.00		NaN		0.00		NaN		0.00		
36	285.231		0		13	1	1	1	0	0	1	1.050	1.00		0.50		0.67		0.00		NaN		1.00		1.00		1.00		1.00		0.00		1.00		0.00		NaN		0.00		NaN		0.00		
37	293.331		1		72	1	1	1	1	1	1	0.424	1.00		0.50		0.67		0.00		NaN		1.00		1.00		1.00		1.00		0.00		1.00		0.00		NaN		0.00		NaN		0.00		
38	300.797		1		25	1	1	1	0	0	1	0.702	1.00		0.33		0.67		0.00		NaN		1.00		1.00		1.00		1.00		0.00		1.00		0.00		NaN		0.00		NaN		0.00		
39	308.547		1		7	1	1	1	1	1	1	0.617	1.00		0.33		0.67		0.00		NaN		1.00		1.00		1.00		1.00		0.00		1.00		0.00		NaN		0.00		NaN		0.00		
40	316.213		1		17	1	1	1	1	1	1	0.503	1.00		0.33		0.67		0.00		NaN		1.00		1.00		1.00		1.00		0.00		1.00		0.00		NaN		0.00		NaN		0.00		
41	325.847		0		77	2	2	1	0	0	1	0.489	1.00		0.33		0.67		0.00		NaN		1.00		1.00		1.00		1.00		0.00		1.00		0.00		NaN		0.00		NaN		0.00		
42	333.380		0		41	2	2	1	0	0	1	0.699	1.00		0.33		0.67		0.00		NaN		1.00		1.00		1.00		1.00		0.00		1.00		0.00		NaN		0.00		NaN		0.00		
43	341.130		1		45	2	2	1	0	0	1	0.398	1.00		0.33		0.67		0.00		NaN		1.00		1.00		1.00		1.00		0.00		1.00		0.00		NaN		0.00		NaN		0.00		
44	348.597		0		75	2	2	1	0	0	1	0.356	1.00		0.33		0.67		0.00		NaN		1.00		1.00		1.00		1.00		0.00		1.00		0.00		NaN		0.00		NaN		0.00		
45	355.997		0		26	2	2	1	1	1	1	0.841	1.00		0.33		0.67		0.00		NaN		1.00		1.00		1.00		1.00		0.00		1.00		0.00		NaN		0.00		NaN		0.00		
46	363.879		1		38	2	2	1	1	1	1	0.662	1.00		0.33		0.71		0.00		NaN		1.00		1.00		1.00		1.00		0.00		1.00		0.00		NaN		0.00		NaN		0.00		
47	371.595		1		76	2	1	0	0	0	1	0.868	1.00		0.33		0.71		0.00		NaN		0.50		1.00		1.00		1.00		0.00		1.00		0.00		NaN		0.00		NaN		0.00		
48	379.530		1		60	2	1	0	1	1	1	1.747	1.00		0.33		0.71		0.00		1.00		0.50		1.00		1.00		1.00		0.00		1.00		0.00		NaN		0.00		NaN		0.00		
49	388.329		1		42	2	2	1	0	0	1	1.554	1.00		0.33		0.71		0.00		1.00		0.50		1.00		1.00		1.00		0.00		1.00		0.00		NaN		0.00		NaN		0.00		
50	396.928		0		4	2	1	0	0	0	1	0.910	1.00		0.33		0.71		0.00		1.00		0.50		1.00		1.00		1.00		0.00		1.00		0.00		NaN		0.00		NaN		0.00		
51	407.079		0		59	1	2	0	0	0	1	1.078	1.00		0.33		0.71		0.00		1.00		0.50		1.00		1.00		1.00		0.00		1.00		0.00		NaN		0.00		NaN		0.00		
52	415.229		0		66	1	1	1	1	1	1	0.677	1.00		0.33		0.71		0.00		1.00		0.50		1.00		1.00		1.00		0.00		1.00		0.00		NaN		0.00		NaN		0.00		
53	422.962		0		73	1	1	1	1	0	0	0.840	1.00		0.33		0.71		0.00		1.00		0.50		1.00		1.00		1.00		0.17		1.00		0.00		NaN		0.00		NaN		0.00		
54	430.846		0		64	1	1	1	1	1	1	0.818	1.00		0.33		0.71		0.00		1.00		0.50		1.00		1.00		1.00		0.17		1.00		0.00		NaN		0.00		NaN		0.00		
55	438.729		0		68	1	1	1	0	0	1	0.399	1.00		0.33		0.71		0.00		1.00		0.50		1.00		1.00		1.00		0.14		1.00		0.00		NaN		0.00		NaN		0.00		
56	446.179		1		78	1	1	1	0	0	1	0.781	1.00		0.25		0.71		0.00		1.00		0.50		1.00		1.00		1.00		0.14		1.00		0.00		NaN		0.00		NaN		0.00		
57	454.011		1		39	1	1	1	1	0	0	0.290	1.00		0.40		0.71		0.00		1.00		0.50		1.00		1.00		1.00		0.14		1.00		0.00		NaN		0.00		NaN		0.00		
58	461.345		1		16	1	2	0	0	0	1	1.060	1.00		0.40		0.71		0.00		1.00		0.50		1.00		0.50		1.00		0.14		1.00		0.00		NaN		0.00		NaN		0.00		
59	469.478		0		12	1	1	1	0	0	1	0.506	1.00		0.40		0.71		0.00		1.00		0.50		1.00		0.50		1.00		0.12		1.00		0.00		NaN		0.00		NaN		0.00		
60	477.027		1		34	1	1	1	0	0	1	1.120	1.00		0.33		0.71		0.00		1.00		0.50		1.00		0.50		1.00		0.12		1.00		0.00		NaN		0.00		NaN		0.00		
61	492.395		0		53	2	1	0	1	1	1	1.130	1.00		0.33		0.71		0.00		1.00		0.50		1.00		0.50		1.00		0.12		1.00		0.00		1.00		0.00		NaN		0.00		
62	500.595		1		20	2	2	1	1	1	1	0.757	1.00		0.33		0.75		0.00		1.00		0.50		1.00		0.50		1.00		0.12		1.00		0.00		1.00		0.00		NaN		0.00		
63	508.395		1		18	2	1	0	1	1	1	0.782	1.00		0.33		0.75		0.00		1.00		0.50		1.00		0.50		1.00		0.12		1.00		0.00		1.00		0.00		NaN		0.00		
64	516.227		1		54	2	2	1	0	0	1	0.383	1.00		0.33		0.75		0.00		1.00		0.50		1.00		0.50		1.00		0.12		1.00		0.00		1.00		0.00		NaN		0.00		
65	523.661		0		32	2	2	1	1	1	1	0.404	1.00		0.33		0.75		0.00		1.00		0.50		1.00		0.50		1.00		0.12		1.00		0.00		1.00		0.00		NaN		0.00		
66	531.128		1		79	2	2	1	1	0	0	1.008	1.00		0.33		0.75		0.17		1.00		0.50		1.00		0.50		1.00		0.12		1.00		0.00		1.00		0.00		NaN		0.00		
67	539.178		0		43	2	1	0	0	1	0	1.193	1.00		0.33		0.75		0.17		1.00		0.50		1.00		0.50		1.00		0.12		1.00		0.00		0.50		0.00		NaN		0.00		
68	547.427		1		27	2	2	1	0	0	1	0.731	1.00		0.33		0.75		0.14		1.00		0.50		1.00		0.50		1.00		0.12		1.00		0.00		0.50		0.00		NaN		0.00		
69	555.210		0		44	2	2	1	1	1	1	0.568	1.00		0.33		0.75		0.14		1.00		0.50		1.00		0.50		1.00		0.12		1.00		0.00		0.50		0.00		NaN		0.00		
70	562.843		1		57	2	2	1	0	0	1	0.597	1.00		0.33		0.75		0.12		1.00		0.50		1.00		0.50		1.00		0.12		1.00		0.00		0.50		0.00		NaN		0.00		
71	572.161		1		47	1	1	1	1	1	1	0.471	1.00		0.33		0.75		0.12		1.00		0.50		1.00		0.50		1.00		0.12		1.00		0.00		0.50		0.00		NaN		0.00		
72	579.677		1		21	1	1	1	0	1	0	0.666	0.86		0.33		0.75		0.12		1.00		0.50		1.00		0.50		1.00		0.12		1.00		0.00		0.50		0.00		NaN		0.00		
73	587.393		1		62	1	1	1	1	0	0	0.435	0.86		0.43		0.75		0.12		1.00		0.50		1.00		0.50		1.00		0.12		1.00		0.00		0.50		0.00		NaN		0.00		
74	594.876		1		30	1	1	1	1	1	1	0.648	0.88		0.43		0.75		0.12		1.00		0.50		1.00		0.50		1.00		0.12		1.00		0.00		0.50		0.00		NaN		0.00		
75	602.576		1		31	1	2	0	1	1	1	1.481	0.88		0.43		0.75		0.12		1.00		0.50		1.00		0.50		1.00		0.12		1.00		0.00		0.50		0.00		NaN		0.00		
76	611.109		0		1	1	2	0	1	1	1	0.959	0.88		0.43		0.75		0.12		1.00		0.50		1.00		0.50		1.00		0.12		1.00		0.00		0.50		0.00		1.00		0.00		
77	619.126		0		49	1	1	1	1	1	1	0.592	0.88		0.43		0.75		0.12		1.00		0.50		1.00		0.50		1.00		0.12		1.00		0.00		0.50		0.00		1.00		0.00		
78	626.759		0		58	1	1	1	1	1	1	0.372	0.88		0.43		0.75		0.12		1.00		0.50		1.00		0.50		1.00		0.12		1.00		0.00		0.50		0.00		1.00		0.00		
79	634.176		0		51	1	2	0	1	1	1	0.810	0.88		0.43		0.75		0.12		1.00		0.50		1.00		0.50		1.00		0.12		1.00		0.00		0.50		0.00		1.00		0.00		
80	642.043		1		3	1	1	1	0	0	1	0.605	0.88		0.38		0.75		0.12		1.00		0.50		1.00		0.50		1.00		0.12		1.00		0.00		0.50		0.00		1.00		0.00		
